0.14160292
0.14472088
-0.04954788
-0.15678935
0.11121573
0.008453482
0.030614184
0.12928076
0.008889194
-0.0019945402
-0.059906635
-0.05932203
-0.12420422
-0.20772614
-0.08390718
-0.004726421
-0.0006598242
0.23277049
0.18169953
-0.0065329117
-0.03467681
0.009526105
0.0072694793
0.069538556
-0.02385
0.04151496
-0.06644005
0.04072756
-0.037528843
0.04685088
-0.060509633
0.052040335
0.16123234
0.06301835
-0.103902936
0.068683244
-0.07051136
-0.16732581
-0.08021372
-0.13856274
-0.014229135
-0.110783696
-0.0791151
0.032698188
0.115193166
-0.19203113
0.098534144
0.06588088
0.009615123
-0.0074493526
-0.032911748
-0.115950584
0.07230259
-0.07056319
0.065488815
-0.09911657
-0.13246678
0.11401665
-0.16431706
0.104578674
-0.077480815
0.008105127
-0.24413799
0.032385077
0.048400804
-0.03553008
-0.03831177
0.093283884
0.07980585
0.06544298
0.044278353
-0.03797492
0.19097954
0.060445298
0.040747013
0.020208806
-0.11059778
0.07577727
-0.009808179
-0.104584344
0.03626066
0.058717284
0.15598826
-0.056248724
-0.01346844
0.015816348
0.025349276
0.093314044
0.0293364
-0.03465877
-0.08792013
0.048071872
-0.053421497
-0.22929984
0.020124376
0.040685933
-0.054855436
0.19281094
-0.1261936
-0.10997199
-0.0745007
0.061721623
-0.054720413
-0.044836964
-0.02637516
0.2347994
-0.057950452
-0.0890345
0.0013109647
-0.1308696
0.15857545
-0.027314285
-0.1544964
-0.10526502
0.1618287
0.15572868
0.11751309
0.2223438
-0.06101185
-0.09998298
0.04572229
-0.04488452
-0.014338772
-0.034162004
-0.04029255
-0.13506736
-0.05110189
0.01945719
-0.10937112
0.04400368
0.17473893
0.03990378
0.15468441
-0.15522747
0.08373899
0.10432836
0.0018831125
0.004276741
-0.23007776
-0.051088456
0.04989506
-0.10019243
-0.06436661
-0.058937725
0.08391058
-0.20619483
-0.06845213
0.021876626
0.09492528
0.1488466
-0.15790857
-0.14140715
-0.08977642
0.068394385
0.06804716
-0.17164783
0.018260596
-0.16268776
-0.017676754
0.062332835
0.016803779
0.050114155
0.089468695
0.080423556
-0.065231115
-0.12975976
0.0087181255
-0.103509285
-0.10069395
0.1180833
0.14838146
-0.118025504
0.019787857
-0.10959077
0.24375701
0.060031954
0.02968456
0.22250764
-0.20000319
0.008701374
-0.034504876
0.006192994
0.16836579
-0.023679378
0.06363162
0.07193486
0.010624182
-0.055898756
-0.17342062
0.00776877
0.049155753
0.2500964
-0.16067986
0.06336883
-0.018181024
-0.11609736
0.16964698
-0.05063544
-0.015013953
-0.081027955
0.05898871
0.010180146
-0.04598431
-0.1276893
-0.072090514
0.06412227
0.19818532
-0.019859856
0.012039541
-0.16241063
-0.14671592
0.09086903
-0.019506799
0.016956588
0.09793929
0.09129327
0.057508994
-0.05856457
-0.13871677
-0.08747664
-0.16251731
-0.115716554
-0.021231422
0.005551942
-0.061983123
0.028197194
-0.029153818
-0.10042361
-0.044899587
-0.17893554
0.061741456
-0.03330004
-0.06338395
0.068536036
-0.32023248
-0.03414151
0.16891594
0.051666018
-0.0019922454
-0.036219884
-0.10701772
-0.1216942
0.112830125
-0.12601666
-0.0155712245
0.10619763
0.02379814
-0.093250014
0.014289332
-0.10977597
0.20387596
-0.05809549
-0.05963853
-0.20365413
0.16675384
-0.0022039686
0.029349938
-0.15380532
0.10907493
0.07266703
-0.010092287
0.016773105
0.032948267
0.007418444
-0.13702948
-0.05724417
-0.034644123
-0.031849016
-0.016852597
0.05379623
-0.060442626
-0.10944409
0.07048499
-0.08993143
-0.09387085
-0.0051745614
-0.09623611
-0.0852379
0.15846677
-0.15252937
-0.055573147
0.14366734
-0.21510573
-0.08390563
-0.08162058
-0.067655474
-0.066920966
-0.029491907
0.27715293
-0.04656979
-0.076737575
0.034175035
0.18038458
0.06410519
-0.025082342
0.026749438
0.047637463
0.095922865
0.013279118
-0.042399336
0.036578275
0.009875913
0.024438748
-0.08420369
0.05352715
-0.22792374
-0.041835282
0.03298084
0.04839291
0.13617527
-0.0045077526
-0.04420553
0.11471605
-0.21421279
0.02206892
0.14760448
0.11854736
0.08267487
0.04648838
0.20598596
0.036919903
0.010715495
0.028170364
0.08011799
0.1377504
0.09202706
-0.08078457
-0.029820628
0.04211464
0.054914623
0.08251084
-0.1527881
0.11213031
0.11081206
-0.04735489
-0.03857066
0.03184194
0.039972033
0.0018502735
0.1227566
0.119508386
-0.22022606
-0.09364381
-0.18300928
0.21389414
0.0647977
0.07781972
0.08147394
0.19111033
-0.15684654
0.15924741
0.0970654
0.04706639
-0.1572148
-0.11471284
0.12273618
-0.038843233
0.11741332
0.08599084
-0.09254231
-0.0051815403
-0.22906303
-0.22970968
-0.06925301
0.0647942
-0.021422869
-0.011190273
0.002946508
-0.052608233
0.055990983
-0.16718024
-0.048359845
0.13840228
0.09017878
0.11817559
-0.14574456
0.05054499
-0.117154695
-0.060736198
0.1101241
-0.093744725
-0.034508977
-0.0704932
0.08424734
-0.060070124
0.105066895
-0.07451936
-0.016408266
-0.013450573
-0.206888
-0.0901008
0.18482779
0.036210686
0.0065429956
0.0899308
0.009895487
-0.074927546
0.09038979
0.33284244
-0.01106063
-0.089415155
-0.09939432
0.00089686335
-0.06962735
0.16284406
-0.0070434883
-0.09234377
0.06841471
0.16277385
0.046106424
-0.060418483
-0.060745712
0.051202085
0.020540254
0.019084215
-0.14558242
0.12289584
0.1042938
-0.007779114
-0.21147938
-0.08757621
0.016477192
0.031773143
7.6076634e-05
-0.12418738
-0.067522354
0.035084896
0.15680243
0.18408783
0.1082353
0.12349764
0.038075265
-0.026963225
0.17477083
0.06766958
-0.05298546
-0.0014548016
0.14884207
0.012995123
-0.0015736645
0.07155767
0.053749293
-0.052779954
0.1003078
-0.16791584
0.01588613
-0.06158113
0.06364586
-0.0059431717
-0.1545234
-0.036704134
-0.09685775
0.1559122
-0.03687212
0.12594293
-0.008012274
-0.090133704
0.06098826
-0.07795177
0.0065160603
-0.023768969
-0.07868272
0.17819412
-0.058236986
0.103581816
-0.12774627
0.080325775
-0.18251097
-0.0340512
-0.07848308
-0.15727705
0.044237018
0.18396318
-0.08120615
-0.1696526
-0.09035092
0.057142764
0.098285176
0.014312812
-0.10688335
0.07123092
0.061262783
0.03745302
0.14572722
0.091443874
0.04515556
-0.11211672
-0.1432852
0.034231454
0.11493162
-0.10318637
-0.013624954
0.3042606
-0.14779973
0.072720446
0.024708161
-0.04976696
-0.15140647
-0.015743827
0.049654853
-0.07587562
-0.31979907
0.0550067
-0.15725936
-0.31019744
0.030038243
-0.0863567
-0.054783255
0.076154254
0.104231864
-0.008846846
-0.10035781
0.011872376
0.20941643
0.0845178
0.0008868265
-0.13375817
-0.073448665
0.13308047
0.006236136
-0.15921225
0.0586713
0.18027227
0.060013488
-0.0011652429
-0.0070733298
0.07174953
0.106547214
0.08421606
-0.052451182
0.085057944
0.062305164
0.036074046
-0.08876228
0.038528465
0.20002885
0.1374759
-0.108766735
-0.015647529
0.04439449
0.03100654
-0.1441485
0.061191965
-0.06773189
0.047115047
0.024234725
0.10092331
0.16978748
0.18329811
0.024288198
-0.028444922
0.041928023
0.14088427
0.022894941
-0.07126183
-0.08108083
-0.021686427
-0.004367811
-0.22604316
-0.16884226
-0.056803107
0.007665185
0.037209377
0.048643958
0.072325654
-0.012486513
-0.06256574
-0.1287794
0.23584242
-0.13941123
-0.028535584
-0.04945153
0.03913055
0.09538081
0.052929204
-0.09177055
0.10735933
0.0027340355
0.04462585
-0.14545727
-0.04589906
0.04403195
0.14445712
-0.06832484
0.07624877
-0.016789628
0.07297692
0.0042738966
-0.019754654
0.01751105
-0.12931445
0.13204391
0.06489565
0.14201473
0.004668902
0.24112906
0.092193745
0.1686443
0.06876141
-0.13273461
0.22087182
0.011753097
-0.05514584
-0.021296943
-0.056873888
0.31830475
0.20925017
0.064035736
0.11243259
0.032887477
-0.061270133
0.04250285
-0.018397504
-0.09820128
0.09524379
-0.13862412
0.15362765
-0.08839327
-0.019163234
0.12908038
-0.02801384
-0.03228568
-0.04584959
-0.04486528
-0.021348841
-0.017075961
-0.07974019
0.020844283
0.064494364
-0.21087539
0.23670115
0.026864829
-0.084786326
-0.022064984
-0.07147335
0.05333766
-0.23724566
0.038450524
0.14310196
0.019653283
-0.003559767
-0.09154957
-0.11421469
-0.024070943
-0.056111444
0.1374104
0.0603814
0.053200897
-0.055570394
-0.048619825
-0.25682583
-0.0031166945
-0.058649685
0.035979293
0.048909355
-0.08596641
0.004106851
-0.09260932
0.113413386
0.05640967
0.045028728
0.047254726
-0.16381788
0.094753295
-0.02129002
-0.018238105
-0.07782958
0.071864806
-0.1038002
0.15455978
-0.012096766
0.07369133
0.06488862
0.06951208
0.16354991
-0.09248793
-0.19865365
-0.1172364
0.13448377
0.12677132
0.05850071
0.0009916393
-0.09929114
-0.1306283
-0.12791228
0.09599986
-0.010146962
-0.08090104
0.020673623
-0.01227658
-0.057130802
-0.014753188
-0.059863377
-0.045216117
-0.11852741
-0.06498439
0.042491302
0.026647376
-0.03096647
0.17839669
-0.072039746
-0.2746161
0.22922169
0.14340545
0.10526804
-0.008670944
0.041139256
0.19870567
0.058967263
0.053993683
0.16257705
-0.16252558
0.14143585
0.10700848
-0.017472807
0.0800299
-0.0065938532
0.07542523
-0.049444795
-0.0077512353
0.11509945
-0.018517924
-0.04697299
-0.043755006
-0.054309446
0.22936165
-0.17028247
0.17058615
-0.054032255
-0.14045343
0.16218922
-0.034739885
0.13571917
0.1156581
0.029521821
0.031476375
-0.14598195
0.03626794
0.15791073
-0.027246362
0.08845788
0.03257474
0.1490698
0.081100814
-0.0055238656
0.0048402795
-0.2527661
-0.07100821
0.15673143
0.07072662
-0.2162286
-0.13660786
0.014751129
0.07519557
0.0015665678
-0.015569578
-0.05834122
-0.09999328
-0.08839494
0.07282523
-0.17934783
0.046724632
-0.01523811
-0.15454829
0.04715066
0.034661237
0.07303383
-0.26006722
0.16367905
0.032466922
0.1353649
-0.06407773
-0.05414954
-0.13808103
0.10197679
0.1579233
-0.24643163
0.07772317
-0.03891003
-0.14256643
-0.0057439306
0.086826175
-0.004895344
-0.050386634
0.06035414
0.21514182
-0.07204827
-0.09260752
-0.028495198
-0.060069203
0.03771781
-0.023478633
0.04208589
0.13557287
-0.17644994
0.0070488597
0.052324474
-0.003322595
0.057164196
0.17848228
-0.16881506
0.18525684
-0.12316736
-0.19128513
-0.06185508
0.20383741
-0.0056195795
-0.098219186
-0.019668588
0.009879715
0.07820587
-0.0524428
-0.04495759
0.22838181
-0.11526608
-0.05683598
0.11625308
0.1259231
-0.10774705
0.053849373
-0.07707838
-0.022367328
-0.20820461
-0.04933924
0.1881576
0.14907862
-0.004829332
-0.027636131
0.05970412
-0.0034208
0.10270592
-0.02756012
0.24256878
-0.17824644
0.13485977
0.029229512
-0.0969362
0.06256881
0.0009775677
-0.06596336
0.19687776
0.103744864
-0.00494606
-0.12850432
-0.07358429
0.023629248
-0.104994416
-0.048897978
-0.08126455
-0.0027068916
-0.043719847
0.012921472
0.22546996
0.12743236
0.019528396
0.015068803
-0.16283765
0.07413751
-0.072422795
-0.24255987
-0.025546392
0.15815707
0.015132956
0.0428642
-0.057448536
-0.16188474
0.06247871
-0.061474662
-0.02963076
-0.083598785
0.02540344
0.076731324
0.10972622
-0.029671388
0.23438609
0.05874911
-0.08375663
0.14192562
0.076062076
0.012085925
0.029982157
0.08434514
0.03975435
-0.12531778
0.06698231
-0.11430031
-0.052960243
-0.30331755
-0.10135143
-0.07363293
-0.1335519
0.19900183
-0.13240804
0.14151834
0.10716209
-0.11438794
-0.13396789
-0.13050698
-0.012023215
0.03205471
0.07077492
-0.04180403
-0.06600987
-0.03611807
-0.09368285
-0.17536493
-0.00096091506
-0.044058066
0.09736174
-0.029560583
-0.06654228
-0.25640693
-0.15757388
0.068130866
0.10265998
0.0016138864
0.1148048
-0.09409672
0.14062494
-0.16746591
-0.21626537
-0.18441279
0.06707733
-0.0155939795
0.00894915
-0.050189942
-0.05558523
-0.025286151
0.14572199
0.06824545
0.063927405
0.008482178
-0.11236957
-0.07771352
0.079998605
0.019115606
-0.114077516
0.100929655
-0.047924727
0.027041383
-0.09410098
-0.085246086
-0.13259633
0.021134498
-0.1180526
-0.041355498
-0.010610065
0.064608835
0.23805945
-0.08488339
0.028356513
-0.093101315
0.1629528
0.288967
-0.15154512
-0.027818546
-0.14134078
-0.048378974
-0.042750824
0.053325653
-0.1137202
0.07741273
-0.20475616
0.08885618
0.14606543
0.08927401
-0.1361054
0.011643062
0.08280564
0.092054464
0.0144467475
0.13713638
-0.008290846
-0.021470977
0.087634586
0.03509822
-0.08355651
0.08698555
0.21679957
-0.11004299
0.21880597
0.09937648
-0.11253647
-0.05747894
-0.048844352
-0.059784953
-0.033876684
0.2205228
-0.11898125
-0.014319462
-0.102757
0.068094134
-0.07416854
0.090391785
0.08741894
0.00056888786
-0.029120097
0.0796146
0.13114977
-0.064313285
-0.004428139
-0.051921606
0.06269755
-0.09212473
-0.14705716
-0.005848713
-0.15655406
0.036653955
-0.042414736
-0.019333314
0.077358365
-0.19957018
-0.14256737
-0.08504333
-0.07823639
0.008804054
-0.14363058
0.041442763
0.115646005
-0.18667692
0.09105412
-0.06266051
0.12646087
-0.21622014
