0.13809687
0.08838866
0.092246175
-0.002013364
-0.03831837
-0.05066942
-0.024171611
0.13416202
-0.09704854
0.04190882
-0.05799785
-0.016441485
0.0127868755
0.008546147
0.06570994
-0.050914735
0.038593378
-0.14705604
-0.124172725
-0.013753258
0.03514525
0.07685914
-0.028239772
-0.0017051423
-0.12596141
-0.04599665
0.13098103
-0.1713803
0.10163071
0.1623261
0.0053976085
-0.030444538
0.011513132
0.07108487
-0.13425972
-0.078187786
0.15141739
0.05570647
-0.05821659
0.0010027094
-0.14576085
-0.050202567
-0.14124262
0.059445787
-0.023062726
0.11757604
0.20346123
-0.07496821
0.087433375
0.04061124
-0.042978037
0.13344572
0.109659195
-0.18752132
0.049818475
0.035997387
-0.017099895
-0.09250343
-0.077042654
0.17353924
-0.043803994
0.076205105
-0.014042772
-0.03704958
-0.32245782
-0.058217525
-0.11631153
-0.06635801
0.06856126
0.027729148
-0.14530668
0.055898648
0.15372582
-0.11769819
0.09371028
-0.16368963
-0.0323531
0.11273692
0.23507635
-0.09852228
0.035590895
0.1179255
0.2587599
-0.041855466
0.19083251
-0.12653859
-0.10011282
0.026583739
0.042487804
0.022957863
-0.08969269
-0.08417171
-0.11070406
-0.1838069
0.05875686
-0.10105661
-0.20050986
0.10344529
0.023707138
-0.030893281
-0.0013412213
-0.07309742
0.06381005
-0.1991357
0.13078122
0.17909224
0.06602996
-0.03870636
0.17088725
0.054972965
-0.13984628
0.0068712286
-0.051676333
-0.12550594
0.01018192
-0.15146863
0.08513924
0.09384018
0.109047055
-0.015477892
0.11775545
0.05610001
-0.004035295
0.10826125
0.1188068
-0.21232824
-0.1515298
0.11039976
-0.02981759
-0.14489795
-0.08420967
0.06958807
0.09945669
-0.08052964
-0.013675031
0.08347595
-0.176329
0.079865105
-0.08020137
0.14616822
0.27702823
-0.032593176
-0.101100326
0.0071729957
0.04948966
0.06554806
-0.06809945
0.031165818
0.12005348
-0.0004580977
-0.12243426
-0.22227825
-0.049412575
0.17530935
-0.05366646
0.0021613291
0.122219585
0.11883136
0.009706591
0.023265077
-0.11618328
0.05695347
-0.0018910319
-0.11541035
0.051561967
-0.12930323
-0.032895956
0.014950447
-0.091530144
-0.19841619
-0.13879915
-0.061429054
0.0457717
-0.010532136
0.13957322
-0.16929577
-0.037284587
-0.00083857466
-0.16297112
-0.008628156
0.12724924
0.16279799
-0.019675143
-0.12366703
-0.15196528
0.07166565
0.12837358
-0.049818266
-0.06445252
-0.013802002
-0.26121712
-0.031172974
-0.083185695
0.034564428
-0.12547584
-0.03454971
-0.10688708
-0.11224347
-0.06882503
-0.06478033
-0.113844074
0.08491394
0.030455956
0.005150843
0.120001845
0.14652641
0.043725193
0.04116964
0.08756622
0.063548625
-0.20447563
0.0884879
0.048998713
-0.09439043
0.10747544
0.12587495
0.008426611
0.19175936
-0.16298449
-0.027320825
-0.03006083
-0.009911916
0.022128338
0.042438764
-0.036930967
0.002959193
0.053266775
-0.23782988
0.023668215
-0.12666017
0.03947569
0.12019994
0.07559983
-0.15618509
-0.25392327
-0.050675195
-0.19468938
0.07183279
0.09631618
-0.049941313
-0.09526292
-0.11238208
0.0028972786
-0.06687182
0.07272563
0.013870056
-0.09383869
-0.025020769
0.09801864
-0.11246517
-0.09661975
0.082671046
-0.094488226
-0.011263453
0.080625094
-0.12043074
0.12311485
-0.2387644
-0.035736997
0.08674529
-0.12608781
-0.054093916
0.23872204
-0.022174848
-0.021875327
0.016439341
-0.006014938
-0.0101524135
0.22030611
0.056320187
0.048363473
-0.20510423
-0.04461174
0.017313551
0.0058816173
0.00972898
-0.0024516257
-0.15428585
-0.09080217
-0.11932934
0.0881831
0.10214109
-0.03434958
0.12224892
-0.081843786
-0.13484426
-0.029588962
-0.029022537
0.06516445
-0.042762022
-0.017374543
0.0029759884
0.22779958
0.119456805
0.116196275
0.0023539867
-0.08772508
-0.032029197
0.09445718
-0.15126541
0.23696966
0.2245325
0.15728788
0.113630444
0.0492762
-0.009818106
0.1699314
0.003148942
0.08460417
-0.009146747
-0.2623959
0.13328697
-0.095277816
-0.020851677
0.15291223
0.0888559
0.01807176
-0.037551466
-0.035982568
0.11151552
0.047286212
0.039909344
-0.06816342
0.06327931
0.10442492
0.08148051
-0.024495428
-0.028234472
-0.04486708
0.038706608
0.06526553
0.015028223
-0.02223221
0.017907348
-0.16689225
-0.0038604047
0.09026729
-0.16092704
-0.026914358
0.014322418
0.20763232
-0.33402553
-0.0014122067
-0.10287861
0.15781488
0.09062225
0.08810294
0.25216135
0.040815648
-0.022282196
0.027714431
0.08960473
-0.12450769
-0.008366384
-0.14510213
0.026215523
0.18205106
0.015284377
-0.13587123
-0.088257976
-0.013127498
-0.09247264
-0.043965835
0.26743618
0.03831182
-0.05359726
-0.006196473
0.012546697
0.17407893
-0.025817225
0.10496733
-0.2645208
-0.027350582
0.11131821
0.07359137
0.035068348
0.083577044
0.12328843
-0.004513336
-0.05482191
0.021627491
0.2035337
-0.11090532
-0.19178747
-0.1274551
0.029385535
-0.011554127
0.060948897
-0.07136708
-0.030162958
-0.094361246
0.1841215
-0.07656011
0.15663205
0.03960764
0.037589837
-0.028846905
0.05871968
0.008299716
0.011427782
-0.016889848
-0.07056693
-0.049907256
0.07873849
0.15226363
0.13219659
-0.085977204
0.031328883
-0.004216905
0.0588302
-0.018784052
-0.28763023
-0.023475574
0.040704455
-0.015796058
-0.1405996
0.057914007
0.026181059
0.19584109
-0.072110996
-0.14103298
0.14003865
0.07872718
-0.044532564
-0.11497385
0.007677344
0.06035192
0.010403221
0.1538301
-0.10478594
0.035556532
-0.25200164
-0.03137596
0.03382596
-0.08921941
-0.16134666
0.03654574
0.10478461
0.05912124
-0.16248666
0.13512896
-0.02728148
-0.12551899
0.011607355
-0.11970547
-0.13719179
0.0077293217
0.011550839
-0.05141447
-0.04075571
-0.07682126
-0.1258856
0.09733503
0.042189512
0.18975496
0.0030379465
-0.27706274
0.116120525
-0.014703357
0.03601962
-0.0274058
-0.10770732
0.080194965
-0.13543232
-0.020064952
-0.058915976
0.086423546
-0.056511983
-0.03575435
-0.0751083
-0.12632789
0.062247667
0.034231152
0.050573643
-0.09863465
0.0810208
-0.049032476
0.009773975
-0.004822947
-0.14118767
0.06542412
0.116836525
-0.13174312
0.012847652
0.087976925
0.0044043623
0.05474933
-0.025007948
0.18643533
0.016111964
-0.036918253
-0.29318842
-0.081500135
-0.025466576
0.009433639
-0.083456405
-0.15056686
-0.018957237
-0.06876844
0.107281
-0.11414825
-0.044188976
0.045038063
-0.18754725
0.04734127
-0.14105313
-0.047082122
0.07405726
-0.059152257
0.0764484
0.041703526
0.05723727
-0.04379831
0.021337524
-0.021955421
0.14352627
-0.06814132
-0.012519531
-0.019614361
0.19877972
-0.06599266
0.2054454
0.21332069
-0.079984546
0.049980376
-0.031862825
0.045537204
0.15964144
0.01047233
-0.0013001995
0.042526606
-0.31412575
-0.045102533
-0.019056125
-0.13919622
-0.1693966
0.06356885
-0.082056135
-0.08377155
-0.028841011
-0.069045246
-0.02845063
0.043772638
0.11245146
0.14250048
0.100346304
-0.0114896195
0.16889958
0.13114393
0.0197006
0.013390909
0.046826582
0.12606548
0.09702912
0.19341604
-0.069510356
-0.020879893
-0.07990741
-0.060957808
-0.07809322
-0.2238422
-0.06987014
0.09169688
0.26562107
-0.02653342
0.08552384
0.28207612
0.055155914
0.14227007
-0.061382156
-0.018165743
0.1057447
0.036615286
0.060747076
0.18567158
-0.04306269
0.1741906
0.06284921
0.1188823
-0.09355136
0.056842968
-0.07454965
0.069447406
0.08846348
0.05681609
-0.043173373
0.020760534
-0.08042798
-0.09807249
0.06945776
0.04294767
-0.029781828
-0.09015236
-0.07175576
0.03878886
0.055325244
-0.01380581
-0.010992959
-0.026542498
-0.12169116
0.09878523
0.16640753
-0.022135034
0.17817765
-0.031873696
0.18667455
-0.1572691
0.05324663
0.014097291
0.027717834
-0.07396407
-0.018504683
0.0758513
0.03554262
-0.035534646
-0.06290411
0.025403403
-0.13009034
-0.08189616
0.08899649
0.17272504
-0.21711141
0.06589736
-0.035565123
0.046250004
0.13419412
0.053101588
-0.020241663
-0.09437021
-0.07880094
0.07811337
0.007120334
-0.031458616
-0.16088592
-0.0011179919
-0.13122304
-0.040414568
-0.12169496
0.12251222
-0.059402015
-0.0487
-0.12923574
-0.02868057
-0.00016877428
-0.12378844
0.14847516
0.22027542
0.089420535
0.022895716
-0.10252303
-0.15335877
0.025067741
0.15150271
-0.05592693
0.19563895
-0.00075774145
-0.14529212
-0.32827803
-0.0019568424
0.026837328
-0.088689625
0.09511212
-0.01916545
0.15098329
-0.12811314
0.064109
-0.01997742
-0.048691723
-0.013619213
0.17989103
0.0001527698
-0.17320406
-0.1470816
-0.07021221
0.0081393225
0.14521171
-0.17658772
-0.17082076
-0.10714442
0.019448955
0.11110199
-0.0749089
-0.10330581
0.07997638
-0.06974546
0.025108302
0.031231077
0.028836822
0.083265
0.054935995
-0.05002399
-0.13245048
-0.010456513
-0.27383855
0.022348436
-0.059118047
-0.047352936
0.05244006
0.04281507
0.07702153
0.018998096
0.15597087
0.15034868
0.0019394817
-0.0013544062
0.012196374
-0.0006440136
0.08679917
-0.012631357
-0.019604547
-0.064739935
0.03531116
-0.112899356
0.049220312
-0.19776525
0.06665375
-0.18873732
0.10229662
-0.12553321
-0.015847942
-0.25962403
0.13740467
-0.13419895
-0.04717812
-0.042194437
-0.040961508
-0.36733815
-0.023691101
-0.081755996
-0.055020373
-0.14148863
0.03800494
0.031820055
0.054708052
-0.2780403
0.062048797
0.034950208
0.06240474
-0.11225892
0.1415263
-0.027002053
-0.009805341
0.104735196
0.25758693
-0.19336863
0.10959054
-0.075922
-0.15735419
0.04378243
0.01118772
-0.06631392
-0.026977872
-0.16964902
0.08595929
0.123957634
0.14305569
-0.09114616
0.03241217
-0.10829412
0.0058555813
0.1338967
0.24922527
0.1393003
-0.077634774
0.05362535
0.1287722
-0.015139214
0.063907884
0.25488132
-0.1495473
0.0096586635
-0.024118766
-0.039455567
-0.08922348
0.19779974
0.12585615
0.038939778
-0.0015969906
-0.058879707
0.030683324
-0.074720144
-0.03867584
0.008004419
0.04392763
-0.22104554
0.13555978
0.015198677
0.028683571
0.00012903102
0.031161064
0.072182246
0.031350426
0.024679504
0.30193743
-0.17778808
0.005579602
0.04061031
0.13561715
-0.042963624
-0.0020726568
-0.077888496
-0.026015483
-0.109625734
0.09103332
-0.2178183
0.12604748
0.02913096
0.08110381
-0.07584045
0.02365739
-0.033930536
0.039531205
0.10219046
-0.07250836
-0.020458082
-0.113247134
-0.07593224
0.23063762
-0.024447026
-0.03844317
-0.021062499
0.0008728523
-0.021805838
0.049432714
-0.014764379
0.1262749
-0.03266081
0.06501482
-0.19932501
-0.10267675
0.00267527
0.01333385
0.09511593
0.15467702
0.13109328
-0.0042310036
-0.04982977
-0.02219065
0.11841867
0.06545463
0.0791553
-0.01749401
-0.051211987
0.05930534
-0.18736012
0.11321605
-0.06888328
-0.12146282
-0.084536634
0.096272625
-0.16101834
0.08646534
-0.020820338
0.06940391
0.113794945
-0.016047113
-0.2188601
-0.14965118
-0.08080846
-0.012973465
0.027500058
-0.022754295
0.08423212
0.007342463
0.026261508
0.060023602
0.15116607
-0.1286345
0.085677445
-0.07719166
0.037127133
-0.01579609
0.19127597
-0.032782875
0.08614644
0.108303666
-0.0405857
-0.19177751
-0.11332351
0.022105804
0.09081432
0.14108379
0.09272209
-0.072708935
0.0014732595
-0.073713146
-0.20268214
0.05483016
-0.024102798
0.15065663
-0.13656074
0.17493777
0.10378132
0.14025204
0.05534036
0.022456765
-0.29392833
-0.106533445
-0.0115551315
0.08354773
0.012409757
0.016060585
0.092162915
-0.07219583
0.037300907
0.007527504
0.0047127665
0.017741522
0.19155027
-0.14785048
-0.044597834
-0.3321572
0.004794991
0.04810321
-0.08964775
-0.005514545
-0.060478162
-0.3130036
-0.050999183
0.035931174
-0.23383379
0.023876965
-0.04212195
-0.06666384
0.0888699
-0.30990955
-0.0106621
0.071090646
-0.098604776
0.21855529
0.08087141
0.03175823
0.12955496
0.051459555
0.04189235
0.14007686
0.022169521
-0.062169116
0.025584271
-0.03708126
0.006471487
-0.027231967
0.05445121
-0.047916442
0.03471383
0.02920232
0.05353396
0.016533902
-0.09338603
0.035518985
0.11513313
-0.032878112
0.05755442
0.1445325
-0.04183382
-0.03056098
0.10660547
0.0016906615
0.078932844
0.108852096
0.039110363
0.1449843
-0.07803715
-0.2251765
0.14787936
-0.16404009
0.004899107
-0.02684995
-0.057747338
-0.27238843
0.10994413
0.09364763
0.161691
0.08327104
0.17704676
0.14032756
0.008893297
-0.04590739
0.23496832
-0.09667283
0.016392574
0.14111762
-0.029738462
-0.04654613
0.034627218
0.0756593
-0.009549056
0.04105124
-0.019735709
0.09961545
0.12947655
0.09349642
-0.010839465
-0.011884513
-0.0015817104
0.104223885
-0.21545716
0.0053144544
-0.14762138
0.009012141
0.075387046
-0.13208799
-0.03590129
-0.003588191
0.11856405
0.030423546
0.17609799
0.21149926
0.04466575
-0.04163373
-0.13393717
-0.027722353
-0.03676148
-0.119941324
-0.10687331
-0.038455013
-0.30464807
0.061582074
0.26652122
-0.17802064
0.07899758
-0.01756779
0.025127782
-0.058300514
