0.1756155
-0.3976364
-0.042926
-0.14265437
-0.10043928
0.06722736
0.08982608
0.026190352
-0.11250587
0.0015643332
-0.2012504
-0.23924571
-0.062127143
0.18825161
0.011785967
-0.15613079
-0.1390805
-0.00919437
0.09481408
-0.04598503
0.14020567
0.16109416
0.01415082
-0.2971244
-0.035037927
-0.07291753
-0.21115568
0.28059223
-0.1939836
-0.00042786403
-0.11538549
0.23183876
-0.044736933
0.07095791
-0.026286352
-0.13270761
0.17787182
-0.09517155
-0.20591632
-0.08790934
0.0329038
0.1996238
-0.1437728
0.018183308
0.3010514
0.061977267
-0.025300799
-0.097487494
0.16350436
-0.035983488
-0.088204786
0.02936363
0.005546338
-0.11300183
-0.017727774
0.18862058
0.06859731
0.1548467
0.0077712927
-0.23802993
-0.015377715
-0.025996516
0.21903652
0.11718715
-0.0044642556
0.00011109747
0.09138969
-0.11284468
0.30230314
0.11230958
0.13004148
-0.46934238
0.27453414
-0.060469363
0.018809352
0.15801267
0.11434316
-0.071179874
0.07203646
-0.106428355
0.055109486
-0.07382957
-0.0054535223
-0.034209043
0.1919676
-0.18325843
-0.033288665
-0.10779078
-0.03746055
0.044880763
0.21032657
-0.09197235
-0.071152695
-0.19071569
-0.040957093
0.015864583
-0.093605556
-0.0305821
0.11033819
-0.082361534
-0.04244039
-0.14211977
0.036082983
-0.011204195
-0.025313951
-0.107401736
-0.046228454
0.14986402
0.17256472
0.17179002
0.094101086
-0.13013095
-0.028588703
-0.09890838
-0.17255706
0.0073164105
-0.057463545
0.222886
-0.030536883
-0.018731974
0.20169121
-0.2724005
0.29632443
0.19190541
-0.09105302
-0.055428743
0.04073785
-0.04008369
-0.040756013
-0.27354372
-0.13286948
-0.07838378
-0.18334705
-0.18798435
0.18313828
0.034351774
-0.10014121
-0.038830623
-0.16273409
-0.15552549
-0.07712568
0.035799503
-0.2525178
-0.079199664
-0.005407241
0.047697276
-0.061044853
0.23893887
-0.12842879
-0.068762556
0.100586504
0.15005259
-0.14789926
-0.036697388
-0.08315171
0.09732336
-0.07552124
0.17265666
0.0033856821
0.035059813
0.034280807
0.32645985
-0.122972645
0.02512344
-0.07750718
0.066859156
-0.16744609
0.113516234
0.01562563
-0.14460753
-0.25200057
-0.22343269
0.07817384
-0.038365092
-0.07780663
-0.026607709
-0.08868827
-0.048163407
0.010506319
-0.031153625
0.030417446
-0.07736194
0.04796481
0.27376503
0.11269068
-0.017753758
-0.024468591
0.008632357
-0.021778394
0.056486305
0.011988873
0.0008603614
0.22482976
-0.15427265
0.060101114
0.03194187
-0.081829645
0.06432459
0.036063995
0.08793146
-0.2560312
-0.1603674
0.105883785
-0.119387396
-0.17010424
0.06496061
-0.10046472
0.12758312
-0.0036154334
-0.22601461
-0.1370353
-0.08656191
-0.08227257
-0.056447316
0.140091
0.061961718
-0.07006512
-0.11527917
-0.11512049
-0.11824569
0.026682448
0.22688387
-0.038951635
-0.082252234
0.4985387
-0.03333942
-0.00069562905
0.2543558
0.040690254
-0.00576154
0.055966076
-0.25183174
-0.030550528
0.20508607
-0.013834015
-0.11390267
0.07297478
0.08124524
-0.14242755
-0.1339336
0.101102754
0.11477405
-0.1379098
0.09787313
-0.046695948
-0.057916805
-0.10317722
0.023554686
0.082965866
-0.17192486
-0.12160261
-0.016908467
0.06971291
0.063012354
0.15189093
-0.2628956
-0.091076225
-0.034874573
-0.09009829
0.101652145
0.040613085
0.25049287
0.074783266
-0.12023875
0.16311091
0.013882275
0.052568093
-0.1396535
0.28164816
-0.07329927
0.1322293
-0.29569724
-0.048056975
-0.19143349
-0.025224071
0.0049076453
0.1555095
-0.27713436
-0.14696793
0.04197085
-0.06637491
0.053238012
0.08249737
0.26874804
0.021952476
-0.0021373723
-0.09087594
-0.025682997
0.22745764
-0.07667332
0.0618173
-0.14544354
0.218445
-0.14780568
-0.3101222
-0.013668688
0.11804959
0.09658284
0.034341346
-0.07697823
0.13961308
0.21635398
-0.018224802
-0.03266017
0.07293661
-0.028019376
0.08598848
-0.34080556
-0.106577605
-0.063642696
-0.17022921
-0.29874364
0.108545765
0.17014523
-0.07780939
-0.20534065
-0.10592265
0.081233345
-0.03410858
-0.22696547
-0.21767865
0.1805743
0.17992048
0.19981207
0.21084797
-0.20126581
-0.07025622
-0.07601371
-0.1260488
-0.13805749
0.0076385755
-0.034897678
0.08982959
-0.120397516
0.10275583
-0.007262122
0.1524265
0.1113577
-0.26391393
-0.05945058
0.090275444
0.1308805
-0.018297862
0.26573437
-0.23815435
-0.22787955
-0.08510884
0.23839644
-0.011751596
-0.108411856
-0.12586033
-0.022933658
0.057521794
0.16505001
-0.064383104
0.2380013
0.22099094
-0.19155109
0.012167868
-0.08159536
0.21581239
-0.017661693
0.21650732
-0.19425486
-0.122980535
-0.11981481
0.06442033
0.13379495
0.1079092
0.14665881
0.004871467
-0.019682761
0.031188115
0.07029236
-0.2849694
0.1888081
-0.19040644
0.2671688
-0.0915059
-0.21944118
-0.008072624
-0.026501538
-0.033744868
0.37191576
-0.2590847
-0.09992319
0.050148003
-0.11181523
-0.08284417
0.16098699
0.015009221
-0.055844247
-0.13433787
0.024328051
-0.038781825
0.0029828441
0.20681553
0.04774193
-0.15011069
-0.1500297
0.08365169
-0.16500324
0.040110685
0.09303981
-0.0023403568
0.264057
-0.0059471633
-0.014059031
0.3354478
0.05296531
0.0012625037
0.051063493
-0.33232605
0.05448556
-0.18614617
0.371453
0.029697822
-0.017230053
0.021514157
-0.072874516
-0.0749044
-0.11932604
0.12150465
-0.020581726
0.1259917
-0.02766677
-0.13946176
0.0077092457
0.00997471
-0.10776248
0.12452956
-0.07778521
0.043523982
-0.01843414
0.12961766
0.115510695
-0.06991926
-0.015026775
0.18106318
-0.1892589
0.020361608
-0.04596483
0.098647624
0.06254909
-0.015945524
-0.048233535
0.03955637
-0.21072377
-0.077638075
0.052729383
0.3294419
0.09206362
0.08796772
-0.04183399
0.33881468
0.09414089
0.22884832
-0.013253037
0.0533097
-0.042653874
0.1366574
0.089936465
0.15599477
-0.24991702
-0.08306701
0.09139775
0.22878847
0.17426851
0.036925368
0.2401361
0.08454398
-0.21827999
0.1192502
-0.12750658
-0.05612202
-0.02341844
0.14396067
-0.037353616
-0.00057894085
-0.05556391
-0.16686033
0.18225135
-0.24008012
-0.0079638725
0.11180092
-0.06920015
-0.07351308
0.14965348
-0.12315312
-0.2687633
-0.25105852
-0.27409494
-0.32556027
-0.03936009
0.039787304
-0.08632837
-0.025753925
0.15346919
0.07065522
0.08925239
-0.088498235
-0.26996142
0.031584986
0.031127019
-0.20455237
-0.17325874
0.020552915
0.052988496
-0.30982453
-0.29636875
0.0014097313
0.019253168
0.12518895
0.11187023
-0.09217855
-0.20906366
-0.10601444
-0.21002059
-0.14494874
-0.04153146
0.1280408
-0.0939352
-0.10605867
0.17726652
0.14745
-0.17405137
-0.036351245
0.13973634
-0.1876228
-0.22963849
0.025024982
-0.06830761
0.16391379
0.08948414
0.010047017
-0.1524493
-0.0672286
-0.057950936
0.10202037
-0.14459594
-0.12505268
-0.026588427
-0.2711273
0.2870707
0.40523586
-0.16352977
-0.0656476
0.2345767
-0.07249375
-0.15988939
-0.045043997
0.20989972
-0.25940308
0.26023105
0.3246091
0.111225046
-0.01078089
-0.21200202
0.016181054
0.22568667
-0.034933485
-0.0020229467
-0.10610167
0.0362719
-0.097593054
0.19893047
0.2987517
-0.15864979
-0.039344043
-0.04998549
0.089678094
0.039169148
0.10164356
-0.03446692
0.2293276
-0.15607671
-0.005200452
0.07599243
-0.34168887
0.17415787
0.013053764
0.02539292
-0.008137429
-0.008215887
-0.14495905
-0.1446753
-0.13998441
0.19490646
-0.083516315
-0.17572111
-0.18668701
0.2450563
0.01009832
0.14992285
0.20968205
-0.0151095595
-0.007840103
-0.037476838
0.23639496
0.1093272
0.095256805
0.046285
-0.10096429
-0.20543984
0.05381949
-0.014947746
-0.17639954
0.15541159
-0.25901815
-0.12401077
-0.0181222
0.03791035
0.26412782
0.14609934
-0.061367046
0.082916915
-0.08103862
0.06186383
0.040217318
-0.23597804
-0.009858258
-0.056516435
-0.03284715
0.0027015808
-0.16633147
-0.08607523
-0.07883547
-0.0441544
0.07401174
-0.13004674
-0.16180348
0.06776975
0.12894711
0.13206044
0.16778174
-0.041684546
-0.05003892
-0.12455919
0.066597894
-0.2004777
0.0043178527
-0.11232821
-0.053200364
0.073082104
0.022696964
0.23814647
0.24765995
0.012007779
-0.12647396
0.08152129
-0.2410846
0.036875036
-0.00086179003
-0.032813396
0.16945088
-0.05655376
0.037031036
-0.02650395
0.008667932
-0.0042428616
-0.2773638
0.1373633
-0.115624644
0.018750807
-0.033551604
0.16993594
-0.045477632
0.14400986
-0.0899259
0.009928284
2.8550625e-05
0.016144073
-0.16379121
-0.06992534
0.009246889
0.070078075
0.11872873
-0.031098478
0.026847709
0.14504814
-0.15140432
0.27344096
0.11130498
0.18787669
-0.018979575
0.16698092
0.06451721
0.032855347
0.10207723
0.2451141
0.061466943
0.16225249
0.24282241
0.14574781
-0.012103908
0.02211361
0.0927875
0.13078165
0.38899398
-0.12471695
-0.059829973
-0.084560126
0.14540315
0.010611112
0.20208307
-0.062315278
0.008754937
-0.33082175
-0.0040417453
0.007992331
-0.1433017
-0.06832941
-0.10464217
-0.06239044
0.032175805
-0.104537055
0.052587602
0.20263416
-0.05357261
-0.085752025
0.14168338
0.046954747
0.01873479
-0.1241664
0.03722981
0.01584517
0.02713905
-0.1796748
0.10768166
0.3829463
0.08292413
0.08440207
-0.24845183
-0.07466903
-0.02214303
-0.12401778
0.060640097
-0.1390984
-0.20489019
0.08958672
-0.07512723
-0.2079423
0.18093672
0.17751226
0.11324841
0.25330675
-0.119408
0.12935002
-0.27224573
0.029017035
0.038525704
-0.099627614
-0.035223845
0.07292407
0.051558018
-0.079903804
0.021236364
-0.15435833
0.073035955
0.02129111
0.10104248
0.23243521
0.1635331
-0.10986203
0.0046581468
0.040660642
0.087539464
-0.083060995
-0.026529904
-0.052227333
-0.2091113
0.01103032
0.019598268
0.07387719
-0.022243783
-0.01777718
-0.0062067565
-0.022058915
0.013172672
0.09368638
-0.02802753
-0.04822063
0.14073619
0.019169504
-0.010709818
0.24370104
-0.0073778145
0.103468716
-0.18166304
0.048461746
0.25153446
-0.16953263
0.06329695
-0.23127311
-0.12754706
-0.089074045
0.036576584
0.045976434
-0.15045743
-0.078740865
-0.26982367
-0.082745306
0.103667274
0.1510725
0.10197613
-0.20211363
0.13245901
-0.16620654
0.05041021
0.09691879
0.06614378
-0.053664744
-0.058429718
-0.09927583
0.008253552
-0.11467674
-0.16913126
0.2358347
-0.0062113823
-0.018885104
0.320468
-0.3331623
-0.0063139885
0.208975
-0.0793876
0.026658861
-0.061718985
-0.04758616
0.073380455
-0.043662094
-0.17789501
-0.086954996
-0.119709805
-0.06456828
0.18010375
0.21582088
-0.09756738
-0.20371926
-0.055312462
-0.11041823
-0.1066835
0.2159789
-0.01027014
-0.103615224
0.008509323
-0.13100792
-0.034114804
-0.04674486
0.061785463
-0.21106711
0.02707977
0.24227366
0.10463702
-0.13616207
0.117923245
0.00897618
0.24248299
0.328667
0.11955486
0.16848053
0.05074635
-0.20409696
-0.07484076
-0.08630989
0.046681568
0.16390389
0.009103904
0.055625565
-0.023652222
0.10315213
0.012557259
0.08599582
-0.06786965
0.13104422
0.07991123
-0.121442676
-0.003631388
-0.08165327
0.00613106
0.028473921
-0.016777571
0.38846087
-0.043706715
-0.18790908
-0.028084354
-0.16797696
-0.009919394
-0.04569897
-0.23640472
-0.23566622
-0.26236752
-0.10806933
0.0034098057
0.0478425
-0.11595791
-0.14483319
-0.01614352
-0.03464023
0.09871241
-0.20179436
-0.11247046
-0.025341272
0.11988768
-0.00752739
-0.094715364
0.17938215
-0.19984576
-0.19903052
-0.1444032
0.029183254
-0.20133379
0.11148066
0.040133923
-0.0070167873
0.30645806
0.14324869
-0.0049189925
-0.069115154
-0.122155175
-0.19745538
-0.083617084
0.052308638
-0.13461551
-0.0420753
0.02405819
0.079050325
-0.11497159
0.15086947
0.09896111
-0.19446775
0.06531251
0.12495418
0.0155452285
0.14278401
0.0718553
0.18582751
0.09997689
0.080460146
-0.29584843
-0.055060387
0.18617877
0.028315311
-0.007615554
-0.077056825
-0.048791673
-0.038011108
0.0920934
-0.006051622
0.08700542
0.049076974
0.017942231
-0.053910762
-0.0041170316
-0.14687993
-0.045438975
0.26068807
-0.0028123055
0.15265632
0.17545995
0.1334558
0.034677453
0.12023539
0.09599024
0.08925063
0.054294273
-0.17224889
0.0429468
-0.13285989
0.19260785
0.2592717
-0.12369873
-0.23933873
-0.059830043
0.0036252737
-0.0496139
0.085206725
0.07550025
0.09256972
0.2398288
0.011897378
-0.11493087
-0.09775692
-0.25836676
0.119779326
0.1728132
0.021564707
0.056078654
0.24436304
0.16595826
0.16155757
-0.054607064
0.21747443
0.22810777
-0.0069273636
-0.22403902
-0.450175
-0.27260202
0.103538215
-0.036412742
0.28177917
-0.031322345
0.074594334
0.07478413
-0.02654268
0.18625262
0.12060952
0.04192543
0.048495375
0.026637094
0.14475454
0.033752713
0.034007184
-0.08371418
-0.042688977
0.09969802
0.16921867
0.01792837
0.15661366
-0.106835164
-0.012389563
-0.26168266
-0.13891172
0.2631898
-0.005732585
